    2.0000
    3.0000
    3.5000
    3.7500
    3.8750
    3.9375
    3.9688
    3.9844
    3.9922
    3.9961
    3.9980
    3.9990
    3.9995
    3.9998
    3.9999
    3.9999
    4.0000
    4.0000
    4.0000
    4.0000
    4.0000
    4.0000
    4.0000
    4.0000
    4.0000
    4.0000
    4.0000
    4.0000
    4.0000
    4.0000
    4.0000
    4.0000
    4.0000
    4.0000
    4.0000
    4.0000
    4.0000
    4.0000
    4.0000
    4.0000
    4.0000
    4.0000
    4.0000
    4.0000
    4.0000
    4.0000
    4.0000
    4.0000
    4.0000
    4.0000
    4.0000
    4.0000
    4.0000
    4.0000
    4.0000
    4.0000
    4.0000
    4.0000
    4.0000
    4.0000
    4.0000
    4.0000
    4.0000
    4.0000
    4.0000
    4.0000
    4.0000
    4.0000
    4.0000
    4.0000
    4.0000
    4.0000
    4.0000
    4.0000
    4.0000
    4.0000
    4.0000
    4.0000
    4.0000
    4.0000
    4.0000
    4.0000
    4.0000
    4.0000
    4.0000
    4.0000
    4.0000
    4.0000
    4.0000
    4.0000
    4.0000
    4.0000
    4.0000
    4.0000
    4.0000
    4.0000
    4.0000
    4.0000
    4.0000
    4.0000