    1.0000
    1.9500
    2.7625
    3.4219
    3.9414
    4.3436
    4.6514
    4.8854
    5.0625
    5.1961
    5.2967
    5.3723
    5.4291
    5.4718
    5.5038
    5.5279
    5.5459
    5.5594
    5.5696
    5.5772
    5.5829
    5.5872
    5.5904
    5.5928
    5.5946
    5.5959
    5.5970
    5.5977
    5.5983
    5.5987
    5.5990
    5.5993
    5.5995
    5.5996
    5.5997
    5.5998
    5.5998
    5.5999
    5.5999
    5.5999
    5.5999
    5.6000
    5.6000
    5.6000
    5.6000
    5.6000
    5.6000
    5.6000
    5.6000
    5.6000
    5.6000
    5.6000
    5.6000
    5.6000
    5.6000
    5.6000
    5.6000
    5.6000
    5.6000
    5.6000
    5.6000
    5.6000
    5.6000
    5.6000
    5.6000
    5.6000
    5.6000
    5.6000
    5.6000
    5.6000
    5.6000
    5.6000
    5.6000
    5.6000
    5.6000
    5.6000
    5.6000
    5.6000
    5.6000
    5.6000
    5.6000
    5.6000
    5.6000
    5.6000
    5.6000
    5.6000
    5.6000
    5.6000
    5.6000
    5.6000
    5.6000
    5.6000
    5.6000
    5.6000
    5.6000
    5.6000
    5.6000
    5.6000
    5.6000
    5.6000