t	y	u	r
0	0.0	6.183955163851132e-11	0.0
4	1.31525481407004e-11	7.78859758329607e-11	0.0
8	3.17321721062266e-11	1.2607013123102003e-10	0.0
12	6.340529649333559e-11	2.2627402377656917e-10	0.0
16	1.2124105662511135e-10	4.1984432377506556e-10	0.0
20	2.291039556190057e-10	7.866530518800815e-10	0.0
24	4.315009643081546e-10	1.478054802816849e-09	0.0
28	8.119462274676933e-10	2.779339494156225e-09	0.0
32	1.527421120426731e-09	5.227450229998594e-09	0.0
36	2.873148750387044e-09	9.832539659055827e-09	0.0
40	5.404410506358761e-09	1.8494784605934083e-08	0.0
44	1.0165669259216904e-08	3.4788447275675793e-08	0.0
48	1.9121541261807276e-08	6.543670659237241e-08	0.0
52	3.596744669773863e-08	1.2308581252907364e-07	0.0
56	6.765443387823056e-08	2.3152324994307368e-07	0.0
60	1.272573582669021e-07	4.354930588075435e-07	0.0
64	2.393698998230353e-07	8.191583611843619e-07	0.0
68	4.502525398020989e-07	1.5408292023425503e-06	0.0
72	8.469208099050731e-07	2.8982852950299583e-06	0.0
76	1.5930501100384901e-06	5.4516474897711085e-06	0.0
80	2.9965123341393544e-06	1.0254497859621627e-05	0.0
84	5.636411630678597e-06	1.9288614414636223e-05	0.0
88	1.0602037478146303e-05	3.6281703027433286e-05	0.0
92	1.9942333181635927e-05	6.824554352508264e-05	0.0
96	3.7511341904511803e-05	0.00012836922807934583	0.0
100	7.055848273424355e-05	0.00024146131551626307	0.0
104	0.00013271984506530097	0.0004541864725930133	0.0
108	0.0002496447853123764	0.0008543205003477745	0.0
112	0.00046957950262071385	0.001606968858292018	0.0
116	0.0008832746456354069	0.0030226933691385595	0.0
120	0.001661431334349598	0.005685657912216925	0.0
124	0.003125136776424677	0.010694669272380669	0.0
128	0.0058783530016817175	0.020116572718847644	0.0
132	0.011057126930589342	0.03783908484180764	0.0
136	0.020798352178609737	0.07117496412915485	0.0
140	0.03912150561903918	0.133879440794226	0.0
144	0.07358718559802846	0.25182597401594925	0.0
148	0.13841680678065071	0.4736822981398094	0.0
152	0.2603607169325593	0.890991965573816	0.0
156	0.4897360696166003	1.6759475408616145	0.0
160	0.921188959337676	3.1524416248929623	2.0
164	1.4264665532603191	1.6759475408616151	2.0
168	1.6950896847087502	0.8909919655738167	2.0
172	1.8378990782323592	0.47368229813981017	2.0
176	1.9138215156211744	0.2518259740159499	2.0
180	1.9541845222612502	0.13387944079422687	2.0
184	1.9756428995349333	0.07117496412915579	2.0
188	1.9870509187473213	0.03783908484180878	2.0
192	1.9931158182823774	0.02011657271884875	2.0
196	1.9963401296799579	0.010694669272381534	2.0
200	1.9980542856900412	0.005685657912217745	2.0
204	1.9989655906059096	0.003022693369139361	2.0
208	1.999450071974467	0.0016069688582928548	2.0
212	1.9997076391096726	0.0008543205003487092	2.0
216	1.9998445707513075	0.0004541864725941398	2.0
220	1.9999173683714926	0.00024146131551754565	2.0
224	1.9999560701166943	0.00012836922808019392	2.0
228	1.999976645309645	6.824554352585926e-05	2.0
232	1.9999875837973735	3.628170302815477e-05	2.0
236	1.999993399077652	1.9288614415241275e-05	2.0
240	1.9999964906827765	1.0254497860472834e-05	2.0
244	1.999998134287519	5.451647490223208e-06	2.0
248	1.999999008084929	2.8982852958164694e-06	2.0
252	1.999999472626004	1.540829202784553e-06	2.0
256	1.9999997195921861	8.191583613469575e-07	2.0
260	1.9999998508879928	4.3549305777921363e-07	2.0
264	1.9999999206894075	2.315232467916838e-07	2.0
268	1.9999999577982657	1.2308580546013117e-07	2.0
272	1.9999999775266246	6.543669274594732e-08	2.0
276	1.999999988014906	3.4788420828654306e-08	2.0
280	1.9999999935908408	1.8494734519469897e-08	2.0
284	1.9999999965552018	9.832443912136286e-09	2.0
288	1.9999999981311594	5.227268873644925e-09	2.0
292	1.999999998968993	2.7789983392747633e-09	2.0
296	1.9999999994144146	1.4774127912281124e-09	2.0
300	1.9999999996512166	7.854445874896544e-10	2.0
304	1.9999999997771085	4.1757010304162776e-10	2.0
308	1.999999999844037	2.2199529918444172e-10	2.0
312	1.9999999998796187	1.1802057557132657e-10	2.0
316	1.9999999998985352	6.274434525955341e-11	2.0
320	1.999999999908592	3.3357323439778076e-11	2.0
324	1.9999999999139386	1.7734410559516892e-11	2.0
328	1.999999999916781	9.42841637352382e-12	2.0
332	1.9999999999182922	5.0132757761741415e-12	2.0
336	1.9999999999190958	2.665883942133373e-12	2.0
340	1.9999999999195233	1.4178148680034521e-12	2.0
344	1.9999999999197506	7.542313109225967e-13	2.0
348	1.9999999999198717	4.021400353828601e-13	2.0
352	1.999999999919936	2.1419469247546596e-13	2.0
356	1.9999999999199702	1.1444716411679308e-13	2.0
360	1.9999999999199887	6.124848232550088e-14	2.0
364	1.9999999999199987	3.254919346440903e-14	2.0
368	1.9999999999200038	1.784955770628883e-14	2.0
372	1.9999999999200067	9.799757172080142e-15	2.0
376	1.9999999999200082	5.5998612411886525e-15	2.0
380	1.999999999920009	3.149921948168617e-15	2.0
384	1.99999999992001	2.7999306205943262e-15	2.0
388	1.9999999999200109	2.7999306205943262e-15	2.0
392	1.9999999999200118	2.7999306205943262e-15	2.0
396	1.9999999999200126	2.7999306205943262e-15	2.0
400	1.9999999999200135	2.7999306205943262e-15	2.0
404	1.9999999999200144	2.7999306205943262e-15	2.0
408	1.9999999999200153	2.7999306205943262e-15	2.0
412	1.9999999999200162	2.7999306205943262e-15	2.0
416	1.999999999920017	2.7999306205943262e-15	2.0
420	1.9999999999200178	1.7499566378714538e-15	2.0
424	1.9999999999200178	-3.499913275742908e-16	2.0
428	1.9999999999200175	-4.549887258465781e-15	2.0
432	1.9999999999200162	-1.2599687792674468e-14	2.0
436	1.9999999999200129	-2.7299323550794678e-14	2.0
440	1.9999999999200055	-5.599861241188652e-14	2.0
444	1.9999999999199907	-1.0919729420317871e-13	2.0
448	1.9999999999199622	-2.089448225618516e-13	2.0
452	1.9999999999199083	-3.9654017414167147e-13	2.0
456	1.999999999919806	-7.489814410089822e-13	2.0
460	1.9999999999196125	-1.4125649980898375e-12	2.0
464	1.9999999999192486	-2.6606340722197584e-12	2.0
468	1.9999999999185634	-5.008025906260526e-12	2.0
472	1.9999999999172737	-9.42351649493778e-12	2.0
476	1.9999999999148474	-1.7729160689603273e-11	2.0
480	1.9999999999102829	-3.335277355251961e-11	2.0
484	1.9999999999016964	-6.273909538963979e-11	2.0
488	1.9999999998855447	-1.180160256840681e-10	2.0
492	1.9999999998551625	-2.2199039930585572e-10	2.0
496	1.9999999997980136	-4.1756485317171425e-10	2.0
500	1.9999999996905162	-7.85439337619741e-10	2.0
504	1.999999999488314	-1.4774075413581987e-09	2.0
508	1.9999999991079724	-2.778993439396176e-09	2.0
512	1.9999999983925532	-5.227264323757666e-09	2.0
516	1.9999999970468556	-9.832438662266374e-09	2.0
520	1.9999999945156102	-1.8494729269599983e-08	2.0
524	1.9999999897543606	-3.478841592877572e-08	2.0
528	1.9999999807984938	-6.543668819606004e-08	2.0
532	1.9999999639525916	-1.230858005602526e-07	2.0
536	1.9999999322656068	-2.3152324154181392e-07	2.0
540	1.999999872662684	-4.3549305287933497e-07	2.0
544	1.9999997605501434	-8.191583560970874e-07	2.0
548	1.9999995496675043	-1.5408291975346828e-06	2.0
552	1.999999152999235	-2.8982852905666e-06	2.0
556	1.9999984068699355	-5.45164748532333e-06	2.0
560	1.9999970034077124	-1.0254497855222963e-05	2.0
564	1.9999943635084165	-1.928861441069139e-05	2.0
568	1.9999893978825698	-3.628170302360489e-05	2.0
572	1.9999800575868671	-6.824554352095938e-05	2.0
576	1.9999624885781453	-0.00012836922807459405	2.0
580	1.9999294414373163	-0.00024146131551194583	2.0
584	1.9998672800749862	-0.00045418647258854	2.0
588	1.9997503551347402	-0.0008543205003434594	2.0
592	1.999530420417433	-0.001606968858287605	2.0
596	1.999116725274419	-0.0030226933691341103	2.0
600	1.998338568585706	-0.005685657912212496	2.0
604	1.996874863143632	-0.010694669272376636	2.0
608	1.9941216469183758	-0.020116572718843498	2.0
612	1.9889428729894687	-0.037839084841803525	2.0
616	1.9792016477414494	-0.07117496412915053	2.0
620	1.9608784943010207	-0.13387944079422123	2.0
624	1.9264128143220323	-0.25182597401594503	2.0
628	1.861583193139411	-0.4736822981398048	2.0
632	1.7396392829875034	-0.8909919655738118	2.0
636	1.510263930303463	-1.675947540861611	2.0
640	1.0788110405823879	-3.152441624892959	0.0
644	0.5735334466597455	-1.6759475408616127	0.0
648	0.3049103152113149	-0.890991965573815	0.0
652	0.16210092168770615	-0.47368229813980883	0.0
656	0.08617848429889098	-0.251825974015949	0.0
660	0.04581547765881558	-0.13387944079422584	0.0
664	0.02435710038513259	-0.07117496412915478	0.0
668	0.012949081172744842	-0.03783908484180761	0.0
672	0.006884181637689224	-0.020116572718847637	0.0
676	0.003659870240108836	-0.010694669272380667	0.0
680	0.001945714230025571	-0.005685657912216925	0.0
684	0.0010344093141574618	-0.0030226933691385577	0.0
688	0.0005499279456004418	-0.0016069688582920172	0.0
692	0.00029236081039489244	-0.0008543205003477723	0.0
696	0.00015542916876007948	-0.0004541864725930089	0.0
700	8.263154857518571e-05	-0.0002414613155162547	0.0
704	4.392980337361026e-05	-0.00012836922807932984	0.0
708	2.3354610423025346e-05	-6.824554352505245e-05	0.0
712	1.2416122694661032e-05	-3.6281703027376474e-05	0.0
716	6.6008424165681026e-06	-1.92886144145293e-05	0.0
720	3.509237292305658e-06	-1.025449785942048e-05	0.0
724	1.865632549764051e-06	-5.451647489392742e-06	0.0
728	9.918351399909829e-07	-2.8982852943182448e-06	0.0
732	5.272940654368606e-07	-1.54082920100382e-06	0.0
736	2.8032788374452816e-07	-8.191583586662208e-07	0.0
740	1.4903207771781973e-07	-4.3549305407094235e-07	0.0
744	7.923066410530674e-08	-2.3152324103357107e-07	0.0
748	4.212180734776099e-08	-1.2308579577038228e-07	0.0
752	2.2393450929321647e-08	-6.543667506943075e-08	0.0
756	1.1905174076105276e-08	-3.4788387981317714e-08	0.0
760	6.329247454391858e-09	-1.8494673073801907e-08	0.0
764	3.364902163705683e-09	-9.832329868159955e-09	0.0
768	1.7889740704795534e-09	-5.227055615288657e-09	0.0
772	9.511952296223096e-10	-2.778597227583377e-09	0.0
776	5.058768196536174e-10	-1.4766586063465097e-09	0.0
780	2.692691577000641e-10	-7.84026819398265e-10	0.0
784	1.4374191481917089e-10	-4.1490440507804523e-10	0.0
788	7.749936338099421e-11	-2.1698208298224646e-10	0.0
792	4.3208144721232644e-11	-1.0859207763931535e-10	0.0
796	2.671883134481132e-11	-4.5009920752934755e-11	0.0
